[78, 48, 95, 71, 117, 84, 53, 95, 78, 111, 95, 83, 55, 48, 82, 89]


[0, 5, 19, 23, 43, 271, 472, 477, 559, 875, 879, 899, 903, 3950, 4975, 3747, 949, 950, 953, 954,
0, 1, 7, 46, 51, 255, 258, 420, 602, 610, 631, 639, 1267, 1272, 3658, 3682,295, 1001, 1275, 731, 735, 3595, 1125, 1126, 1129,
0, 1, 5, 9, 12, 14, 60, 111, 358, 361, 381, 675, 679, 1219, 1222, 1949, 3422, 3545, 3998, 4054, 2074, 2075, 4578, 4476, 1113, 1134, 1906, 4901, 3614, 2164, 4389, 3992, 4226, 646, 1301, 1302, 1305, 1306,
0, 1, 23, 27, 47, 739, 750, 831, 2682, 3581, 3619, 1279, 1286, 2423, 658, 2282, 3294, 1477, 1478, 1480, 1481, 1482,
0, 2, 4, 6, 8, 54, 230, 342, 343, 351, 574, 587, 710, 874, 2615, 1017, 3567, 4118, 666, 1462, 365, 3982, 529, 989, 989, 990, 992, 993, 994,
0, 4, 6, 8, 26, 54, 120, 123, 166, 729, 753, 1286, 2492, 3909, 4398, 1215, 2658, 1017, 4321, 1165, 1166, 1169, 1170, 1686,
0, 5, 21, 92, 117, 133, 181, 213, 1377, 1378, 1762, 3514, 3515, 4597, 4956, 4566, 2974, 1341, 1342, 1345, 1346,
0, 1, 2, 4, 5, 17, 21, 197, 212, 214, 215, 251, 255, 747, 3786, 2069, 856, 433, 1517, 1518, 1520, 1521,
0, 1, 2, 6, 8, 12, 32, 63, 67, 152, 153, 157, 165, 569, 589, 1160, 1220, 1224, 1005, 2452, 4396, 4065, 4069, 2310, 1029, 1030, 1033,
0, 4, 5, 34, 202, 210, 230, 255, 349, 350, 388, 1393, 1508, 2133, 2134, 2142, 2785, 2789, 1077, 1080, 2669, 3051, 1205, 1206, 1209, 1210,
0, 2, 13, 26, 37, 85, 95, 166, 354, 356, 396, 620, 1979, 3146, 2886, 1282, 4831, 917, 921, 2262, 2264, 233, 1381, 1382, 1385, 1386,
0, 2, 24, 50, 120, 144, 173, 76, 1176, 1597, 4792, 4193, 4377, 1904, 1557, 1558, 1561, 1562,
0, 2, 9, 20, 24, 52, 68, 1080, 95, 2812, 3905, 3908, 1664, 2706, 1069, 1070, 1074,
0, 2, 4, 8, 10, 11, 15, 19, 26, 59, 63, 78, 336, 2366, 2791, 1320, 1062, 1245, 1246, 1249, 1250,
0, 1, 3, 6, 21, 160, 161, 1297, 1300, 1301, 1712, 2381, 2384, 3329, 646, 2830, 1361, 1421, 1422, 1425, 1426,
0, 1, 16, 178, 386, 409, 557, 561, 598, 3185, 2287, 445, 446, 447, 1750, 1597, 1598, 1600, 1601, 1602, 1752]